test-0.pgm
20 76 124 50

test-1.pgm
26 46 99 40

test-2.pgm
81 123 141 56

test-3.pgm
50 117 165 66

test-4.pgm
130 123 104 42

test-5.pgm
37 76 112 45

test-6.pgm
81 93 115 46

test-7.pgm
90 77 132 53

test-8.pgm
52 76 118 47

test-9.pgm
67 101 135 54

test-10.pgm
69 71 202 81

test-11.pgm
54 68 173 69

test-12.pgm
59 79 134 54

test-13.pgm
148 92 104 42

test-14.pgm
14 111 103 41

test-15.pgm
110 75 202 81

test-16.pgm
41 63 199 79

test-17.pgm
45 69 173 69

test-18.pgm
70 95 178 71

test-19.pgm
52 67 172 69

test-20.pgm
94 43 191 76

test-21.pgm
19 51 134 54

test-22.pgm
72 101 108 43

test-23.pgm
155 96 134 54

test-24.pgm
43 55 128 51

test-25.pgm
47 53 158 63

test-26.pgm
105 48 133 54

test-27.pgm
76 65 96 39

test-28.pgm
57 41 127 51

test-29.pgm
35 58 137 55

test-30.pgm
24 88 111 45

test-31.pgm
5 86 92 37

test-32.pgm
71 85 149 60

test-33.pgm
 
test-34.pgm
19 112 111 44

test-35.pgm
258 47 101 93
85 141 34 56

test-36.pgm
54 82 110 44

test-37.pgm
36 81 143 57

test-38.pgm
36 47 172 69

test-39.pgm
64 59 178 71

test-40.pgm
18 99 121 49

test-41.pgm
133 60 124 50

test-42.pgm
138 14 95 89
104 146 42 58

test-43.pgm
106 148 66 64
88 109 35 44

test-44.pgm
99 84 120 48

test-45.pgm
37 80 114 46

test-46.pgm
43 29 127 51

test-47.pgm
40 29 123 50

test-48.pgm
17 5 39 15
115 189 46 75

test-49.pgm
28 52 171 68

test-50.pgm
45 135 89 99
127 104 51 42

test-51.pgm
209 83 136 113
86 145 34 58

test-52.pgm
159 74 112 45

test-53.pgm
74 50 149 60

test-54.pgm
62 157 66 85
147 97 59 39

test-55.pgm
83 68 186 75

test-56.pgm
61 59 162 65

test-57.pgm
30 35 124 50

test-58.pgm
61 95 103 41

test-59.pgm
15 99 131 53

test-60.pgm
27 41 100 40

test-61.pgm
126 148 68 4
160 117 64 47

test-62.pgm
34 62 152 61

test-63.pgm
109 209 67 77
143 112 57 45

test-64.pgm
100 46 108 43

test-65.pgm
40 60 123 50

test-66.pgm
57 66 129 52

test-67.pgm
62 35 162 65

test-68.pgm
95 110 113 45

test-69.pgm
62 78 163 65

test-70.pgm
26 68 105 42

test-71.pgm
49 113 101 79
109 133 44 54

test-72.pgm
118 100 146 59

test-73.pgm
93 48 138 55

test-74.pgm
84 85 156 63

test-75.pgm
55 53 90 36

test-76.pgm
17 95 126 51

test-77.pgm
31 65 184 74

test-78.pgm
27 185 87 89
118 137 48 55

test-79.pgm
187 20 88 87
117 122 47 49

test-80.pgm
169 22 204 30
89 88 107 120
125 43 48 50

test-81.pgm
15 174 85 107
155 145 62 58

test-82.pgm
28 293 139 146
100 111 40 44

test-83.pgm
164 115 116 47

test-84.pgm
38 139 37 48
102 88 41 35

test-85.pgm
11 89 35 40
105 168 42 67

test-86.pgm
30 114 66 84
107 152 43 61

test-87.pgm
138 205 17 74
68 69 98 116
126 39 47 51

test-88.pgm
194 38 105 104
103 135 42 54

test-89.pgm
9 163 108 119
104 163 42 65

test-90.pgm
18 163 80 88
96 137 39 55

test-91.pgm
18 109 86 85
109 141 44 57

test-92.pgm
149 16 93 102
120 154 48 62

test-93.pgm
24 153 75 100
115 120 46 48

test-94.pgm
187 35 94 95
114 160 46 64

test-95.pgm
208 23 96 97
91 197 36 79

test-96.pgm
160 15 90 89
105 122 42 49

test-97.pgm
128 18 64 71
101 109 41 44

test-98.pgm
171 43 93 103
98 177 39 70

test-99.pgm
98 186 56 59
104 114 42 46

test-100.pgm
40 185 119 89
102 99 123 85
99 50 34 40

test-101.pgm
16 152 83 91
102 105 41 42

test-102.pgm
187 93 110 44

test-103.pgm
191 58 22 59
59 47 80 87
125 32 35 50

test-104.pgm
179 124 34 104
80 105 126 104
126 51 42 51

test-105.pgm
122 235 8 111
116 119 111 107
147 45 43 59

test-106.pgm
13 121 112 97
121 92 93 124
92 38 50 37

test-107.pgm
101 19 140 86
72 76 86 125
111 34 50 45
